0 1 14 -3.75
0.0139939 0.99626 13.9939 -3.73965
0.0279817 0.992531 13.9878 -3.72931
0.0419634 0.988812 13.9817 -3.71899
0.0559391 0.985103 13.9756 -3.70869
0.0699086 0.981405 13.9696 -3.69841
0.0838721 0.977717 13.9635 -3.68814
0.0978295 0.974039 13.9574 -3.67789
0.111781 0.970371 13.9514 -3.66766
0.125726 0.966714 13.9453 -3.65744
0.139665 0.963067 13.9392 -3.64725
0.153599 0.95943 13.9332 -3.63707
0.167526 0.955803 13.9272 -3.62691
0.181447 0.952186 13.9211 -3.61676
0.195362 0.948579 13.9151 -3.60663
0.209271 0.944983 13.9091 -3.59652
0.223174 0.941396 13.9031 -3.58643
0.237071 0.93782 13.897 -3.57636
0.250962 0.934254 13.891 -3.5663
0.264847 0.930697 13.885 -3.55626
0.278726 0.927151 13.879 -3.54623
0.292599 0.923615 13.873 -3.53622
0.306466 0.920089 13.867 -3.52624
0.320327 0.916572 13.8611 -3.51626
0.334182 0.913066 13.8551 -3.50631
0.348032 0.90957 13.8491 -3.49637
0.361875 0.906083 13.8431 -3.48645
0.375712 0.902607 13.8372 -3.47654
0.389543 0.89914 13.8312 -3.46665
0.403368 0.895683 13.8253 -3.45678
0.417188 0.892236 13.8193 -3.44693
0.431001 0.888799 13.8134 -3.43709
0.444808 0.885372 13.8074 -3.42727
0.45861 0.881955 13.8015 -3.41747
0.472406 0.878547 13.7956 -3.40768
0.486195 0.875149 13.7897 -3.39791
0.499979 0.871761 13.7837 -3.38816
0.513757 0.868382 13.7778 -3.37843
0.527529 0.865014 13.7719 -3.36871
0.541295 0.861655 13.766 -3.359
0.555055 0.858305 13.7601 -3.34932
0.568809 0.854966 13.7542 -3.33965
0.582557 0.851636 13.7483 -3.33
0.5963 0.848315 13.7425 -3.32036
0.610036 0.845005 13.7366 -3.31074
0.623767 0.841703 13.7307 -3.30114
0.637492 0.838412 13.7248 -3.29155
0.651211 0.83513 13.719 -3.28199
0.664924 0.831857 13.7131 -3.27243
0.678631 0.828595 13.7073 -3.2629
0.692333 0.825341 13.7014 -3.25338
0.706028 0.822097 13.6956 -3.24387
0.719718 0.818863 13.6897 -3.23439
0.733402 0.815638 13.6839 -3.22492
0.74708 0.812423 13.6781 -3.21546
0.760752 0.809217 13.6723 -3.20603
0.774419 0.80602 13.6665 -3.19661
0.788079 0.802833 13.6606 -3.1872
0.801734 0.799655 13.6548 -3.17781
0.815383 0.796486 13.649 -3.16844
0.829027 0.793327 13.6432 -3.15908
0.842664 0.790178 13.6374 -3.14975
0.856296 0.787037 13.6317 -3.14042
0.869922 0.783906 13.6259 -3.13112
0.883542 0.780784 13.6201 -3.12182
0.897156 0.777672 13.6143 -3.11255
0.910765 0.774568 13.6086 -3.10329
0.924367 0.771474 13.6028 -3.09405
0.937964 0.76839 13.597 -3.08482
0.951556 0.765314 13.5913 -3.07561
0.965141 0.762248 13.5855 -3.06642
0.978721 0.75919 13.5798 -3.05724
0.992295 0.756142 13.5741 -3.04808
1.00586 0.753103 13.5683 -3.03894
1.01943 0.750073 13.5626 -3.02981
1.03298 0.747053 13.5569 -3.02069
1.04653 0.744041 13.5511 -3.01159
1.06008 0.741039 13.5454 -3.00251
1.07362 0.738045 13.5397 -2.99345
1.08715 0.735061 13.534 -2.9844
1.10068 0.732085 13.5283 -2.97536
1.1142 0.729119 13.5226 -2.96634
1.12772 0.726162 13.5169 -2.95734
1.14123 0.723213 13.5113 -2.94836
1.15474 0.720274 13.5056 -2.93938
1.16824 0.717344 13.4999 -2.93043
1.18173 0.714422 13.4942 -2.92149
1.19522 0.71151 13.4886 -2.91257
1.2087 0.708606 13.4829 -2.90366
1.22218 0.705711 13.4772 -2.89477
1.23565 0.702825 13.4716 -2.88589
1.24912 0.699948 13.4659 -2.87703
1.26258 0.69708 13.4603 -2.86819
1.27603 0.694221 13.4547 -2.85936
1.28948 0.69137 13.449 -2.85054
1.30293 0.688528 13.4434 -2.84175
1.31636 0.685695 13.4378 -2.83296
1.3298 0.682871 13.4322 -2.8242
1.34322 0.680056 13.4265 -2.81544
1.35664 0.677249 13.4209 -2.80671
1.37006 0.674451 13.4153 -2.79799
1.38347 0.671662 13.4097 -2.78928
1.39687 0.668881 13.4041 -2.78059
1.41027 0.666109 13.3985 -2.77192
1.42366 0.663346 13.393 -2.76326
1.43705 0.660591 13.3874 -2.75462
1.45043 0.657845 13.3818 -2.74599
1.46381 0.655108 13.3762 -2.73738
1.47718 0.652379 13.3707 -2.72878
1.49054 0.649659 13.3651 -2.7202
1.5039 0.646947 13.3595 -2.71163
1.51726 0.644244 13.354 -2.70308
1.53061 0.64155 13.3484 -2.69454
1.54395 0.638864 13.3429 -2.68602
1.55729 0.636186 13.3373 -2.67752
1.57062 0.633517 13.3318 -2.66903
1.58395 0.630857 13.3263 -2.66055
1.59727 0.628205 13.3208 -2.65209
1.61058 0.625561 13.3152 -2.64365
1.62389 0.622926 13.3097 -2.63522
1.63719 0.620299 13.3042 -2.6268
1.65049 0.61768 13.2987 -2.6184
1.66379 0.61507 13.2932 -2.61002
1.67707 0.612469 13.2877 -2.60165
1.69036 0.609876 13.2822 -2.5933
1.70363 0.607291 13.2767 -2.58496
1.7169 0.604714 13.2712 -2.57663
1.73017 0.602146 13.2657 -2.56832
1.74343 0.599586 13.2603 -2.56003
1.75669 0.597034 13.2548 -2.55175
1.76993 0.59449 13.2493 -2.54348
1.78318 0.591955 13.2439 -2.53523
1.79642 0.589428 13.2384 -2.527
1.80965 0.586909 13.233 -2.51878
1.82288 0.584399 13.2275 -2.51058
1.8361 0.581896 13.2221 -2.50239
1.84932 0.579402 13.2166 -2.49421
1.86253 0.576916 13.2112 -2.48605
1.87573 0.574438 13.2058 -2.4779
1.88893 0.571968 13.2003 -2.46977
1.90213 0.569507 13.1949 -2.46166
1.91532 0.567053 13.1895 -2.45355
1.9285 0.564608 13.1841 -2.44547
1.94168 0.56217 13.1787 -2.4374
1.95485 0.559741 13.1733 -2.42934
1.96802 0.55732 13.1679 -2.4213
1.98118 0.554906 13.1625 -2.41327
1.99434 0.552501 13.1571 -2.40525
2.00749 0.550104 13.1517 -2.39725
2.02064 0.547715 13.1463 -2.38927
2.03378 0.545333 13.1409 -2.3813
2.04692 0.54296 13.1356 -2.37335
2.06005 0.540595 13.1302 -2.3654
2.07317 0.538237 13.1248 -2.35748
2.08629 0.535888 13.1195 -2.34957
2.0994 0.533546 13.1141 -2.34167
2.11251 0.531212 13.1088 -2.33379
2.12562 0.528886 13.1034 -2.32592
2.13871 0.526568 13.0981 -2.31806
2.15181 0.524258 13.0927 -2.31022
2.16489 0.521956 13.0874 -2.3024
2.17798 0.519661 13.0821 -2.29459
2.19105 0.517374 13.0767 -2.28679
2.20413 0.515095 13.0714 -2.27901
2.21719 0.512824 13.0661 -2.27124
2.23025 0.51056 13.0608 -2.26349
2.24331 0.508305 13.0555 -2.25575
2.25636 0.506057 13.0502 -2.24802
2.2694 0.503816 13.0449 -2.24031
2.28244 0.501584 13.0396 -2.23262
2.29548 0.499359 13.0343 -2.22493
2.30851 0.497141 13.029 -2.21727
2.32153 0.494932 13.0237 -2.20961
2.33455 0.49273 13.0184 -2.20197
2.34756 0.490536 13.0132 -2.19435
2.36057 0.488349 13.0079 -2.18674
2.37357 0.48617 13.0026 -2.17914
2.38657 0.483998 12.9974 -2.17155
2.39956 0.481834 12.9921 -2.16399
2.41255 0.479678 12.9869 -2.15643
2.42553 0.477529 12.9816 -2.14889
2.43851 0.475387 12.9764 -2.14136
2.45148 0.473254 12.9711 -2.13385
2.46444 0.471127 12.9659 -2.12635
2.4774 0.469008 12.9607 -2.11886
2.49036 0.466897 12.9554 -2.11139
2.50331 0.464793 12.9502 -2.10394
2.51625 0.462697 12.945 -2.09649
2.52919 0.460608 12.9398 -2.08906
2.54213 0.458526 12.9346 -2.08165
2.55506 0.456452 12.9294 -2.07425
2.56798 0.454385 12.9242 -2.06686
2.5809 0.452325 12.919 -2.05948
2.59381 0.450273 12.9138 -2.05212
2.60672 0.448228 12.9086 -2.04478
2.61963 0.446191 12.9034 -2.03744
2.63252 0.444161 12.8982 -2.03013
2.64542 0.442138 12.893 -2.02282
2.65831 0.440122 12.8879 -2.01553
2.67119 0.438114 12.8827 -2.00825
2.68407 0.436113 12.8775 -2.00099
2.69694 0.434119 12.8724 -1.99374
2.70981 0.432133 12.8672 -1.9865
2.72267 0.430154 12.8621 -1.97928
2.73552 0.428182 12.8569 -1.97207
2.74838 0.426217 12.8518 -1.96487
2.76122 0.424259 12.8466 -1.95769
2.77406 0.422309 12.8415 -1.95052
2.7869 0.420365 12.8364 -1.94337
2.79973 0.418429 12.8312 -1.93623
2.81256 0.4165 12.8261 -1.9291
2.82538 0.414578 12.821 -1.92198
2.8382 0.412663 12.8159 -1.91488
2.85101 0.410755 12.8108 -1.9078
2.86381 0.408854 12.8057 -1.90072
2.87661 0.406961 12.8006 -1.89366
2.88941 0.405074 12.7955 -1.88661
2.9022 0.403195 12.7904 -1.87958
2.91498 0.401322 12.7853 -1.87256
2.92776 0.399457 12.7802 -1.86555
2.94054 0.397598 12.7751 -1.85856
2.95331 0.395746 12.77 -1.85158
2.96607 0.393902 12.765 -1.84461
2.97883 0.392064 12.7599 -1.83766
2.99159 0.390233 12.7548 -1.83072
3.00434 0.38841 12.7498 -1.82379
3.01708 0.386593 12.7447 -1.81688
3.02982 0.384783 12.7397 -1.80998
3.04256 0.38298 12.7346 -1.80309
3.05529 0.381183 12.7296 -1.79622
3.06801 0.379394 12.7245 -1.78936
3.08073 0.377612 12.7195 -1.78251
3.09345 0.375836 12.7144 -1.77568
3.10615 0.374067 12.7094 -1.76886
3.11886 0.372305 12.7044 -1.76205
3.13156 0.37055 12.6994 -1.75526
3.14425 0.368801 12.6943 -1.74847
3.15694 0.36706 12.6893 -1.74171
3.16963 0.365325 12.6843 -1.73495
3.18231 0.363596 12.6793 -1.72821
3.19498 0.361875 12.6743 -1.72148
3.20765 0.36016 12.6693 -1.71476
3.22031 0.358452 12.6643 -1.70806
3.23297 0.356751 12.6593 -1.70137
3.24563 0.355056 12.6543 -1.69469
3.25828 0.353368 12.6494 -1.68803
3.27092 0.351687 12.6444 -1.68138
3.28356 0.350012 12.6394 -1.67474
3.29619 0.348344 12.6344 -1.66812
3.30882 0.346682 12.6295 -1.6615
3.32145 0.345027 12.6245 -1.6549
3.33407 0.343379 12.6195 -1.64832
3.34668 0.341737 12.6146 -1.64174
3.35929 0.340102 12.6096 -1.63518
3.3719 0.338473 12.6047 -1.62864
3.3845 0.336851 12.5997 -1.6221
3.39709 0.335236 12.5948 -1.61558
3.40968 0.333627 12.5899 -1.60907
3.42227 0.332024 12.5849 -1.60257
3.43485 0.330428 12.58 -1.59609
3.44742 0.328838 12.5751 -1.58962
3.45999 0.327255 12.5702 -1.58316
3.47256 0.325679 12.5652 -1.57671
3.48512 0.324108 12.5603 -1.57028
3.49767 0.322544 12.5554 -1.56386
3.51022 0.320987 12.5505 -1.55745
3.52277 0.319436 12.5456 -1.55106
3.53531 0.317891 12.5407 -1.54468
3.54785 0.316353 12.5358 -1.53831
3.56038 0.314821 12.5309 -1.53195
3.5729 0.313295 12.526 -1.52561
3.58542 0.311776 12.5212 -1.51927
3.59794 0.310263 12.5163 -1.51295
3.61045 0.308756 12.5114 -1.50665
3.62296 0.307256 12.5065 -1.50035
3.63546 0.305762 12.5017 -1.49407
3.64796 0.304274 12.4968 -1.4878
3.66045 0.302793 12.492 -1.48155
3.67294 0.301317 12.4871 -1.4753
3.68542 0.299848 12.4822 -1.46907
3.69789 0.298385 12.4774 -1.46285
3.71037 0.296929 12.4726 -1.45665
3.72284 0.295478 12.4677 -1.45045
3.7353 0.294034 12.4629 -1.44427
3.74776 0.292596 12.458 -1.4381
3.76021 0.291164 12.4532 -1.43195
3.77266 0.289738 12.4484 -1.4258
3.7851 0.288319 12.4436 -1.41967
3.79754 0.286905 12.4387 -1.41355
3.80997 0.285498 12.4339 -1.40744
3.8224 0.284096 12.4291 -1.40135
3.83483 0.282701 12.4243 -1.39526
3.84725 0.281312 12.4195 -1.38919
3.85966 0.279929 12.4147 -1.38313
3.87207 0.278552 12.4099 -1.37709
3.88448 0.27718 12.4051 -1.37105
3.89688 0.275815 12.4003 -1.36503
3.90927 0.274456 12.3955 -1.35902
3.92166 0.273103 12.3908 -1.35303
3.93405 0.271756 12.386 -1.34704
3.94643 0.270415 12.3812 -1.34107
3.95881 0.26908 12.3764 -1.33511
3.97118 0.267751 12.3717 -1.32916
3.98355 0.266428 12.3669 -1.32322
3.99591 0.265111 12.3622 -1.3173
4.00827 0.263799 12.3574 -1.31139
4.02062 0.262494 12.3527 -1.30549
4.03297 0.261194 12.3479 -1.2996
4.04531 0.2599 12.3432 -1.29372
4.05765 0.258612 12.3384 -1.28786
4.06998 0.25733 12.3337 -1.28201
4.08231 0.256054 12.3289 -1.27617
4.09463 0.254784 12.3242 -1.27034
4.10695 0.253519 12.3195 -1.26453
4.11927 0.252261 12.3148 -1.25872
4.13158 0.251008 12.31 -1.25293
4.14388 0.249761 12.3053 -1.24715
4.15618 0.248519 12.3006 -1.24138
4.16848 0.247284 12.2959 -1.23563
4.18077 0.246054 12.2912 -1.22988
4.19306 0.24483 12.2865 -1.22415
4.20534 0.243611 12.2818 -1.21843
4.21762 0.242398 12.2771 -1.21272
4.22989 0.241191 12.2724 -1.20703
4.24216 0.23999 12.2677 -1.20134
4.25442 0.238794 12.2631 -1.19567
4.26668 0.237604 12.2584 -1.19001
4.27893 0.23642 12.2537 -1.18436
4.29118 0.235241 12.249 -1.17872
4.30343 0.234068 12.2444 -1.1731
4.31567 0.232901 12.2397 -1.16748
4.3279 0.231739 12.235 -1.16188
4.34013 0.230583 12.2304 -1.15629
4.35236 0.229432 12.2257 -1.15071
4.36458 0.228287 12.2211 -1.14514
4.37679 0.227147 12.2164 -1.13959
4.38901 0.226013 12.2118 -1.13405
4.40121 0.224885 12.2071 -1.12851
4.41342 0.223762 12.2025 -1.12299
4.42561 0.222644 12.1979 -1.11748
4.43781 0.221532 12.1932 -1.11199
4.45 0.220426 12.1886 -1.1065
4.46218 0.219325 12.184 -1.10103
4.47436 0.218229 12.1794 -1.09557
4.48653 0.217139 12.1748 -1.09012
4.4987 0.216054 12.1701 -1.08468
4.51087 0.214975 12.1655 -1.07925
4.52303 0.213901 12.1609 -1.07383
4.53519 0.212833 12.1563 -1.06843
4.54734 0.21177 12.1517 -1.06304
4.55948 0.210712 12.1471 -1.05766
4.57163 0.20966 12.1425 -1.05229
4.58377 0.208613 12.138 -1.04693
4.5959 0.207571 12.1334 -1.04158
4.60803 0.206535 12.1288 -1.03624
4.62015 0.205504 12.1242 -1.03092
4.63227 0.204478 12.1196 -1.02561
4.64439 0.203458 12.1151 -1.02031
4.6565 0.202443 12.1105 -1.01502
4.6686 0.201433 12.1059 -1.00974
4.6807 0.200429 12.1014 -1.00447
4.6928 0.19943 12.0968 -0.999216
4.70489 0.198436 12.0923 -0.993971
4.71698 0.197447 12.0877 -0.988738
4.72906 0.196463 12.0832 -0.983517
4.74114 0.195485 12.0786 -0.978306
4.75322 0.194512 12.0741 -0.973107
4.76529 0.193544 12.0695 -0.967919
4.77735 0.192581 12.065 -0.962743
4.78941 0.191624 12.0605 -0.957577
4.80147 0.190671 12.056 -0.952423
4.81352 0.189724 12.0514 -0.94728
4.82557 0.188782 12.0469 -0.942149
4.83761 0.187845 12.0424 -0.937028
4.84965 0.186913 12.0379 -0.931919
4.86168 0.185986 12.0334 -0.926821
4.87371 0.185064 12.0289 -0.921734
4.88573 0.184148 12.0244 -0.916659
4.89775 0.183236 12.0199 -0.911594
4.90977 0.18233 12.0154 -0.906541
4.92178 0.181428 12.0109 -0.901498
4.93379 0.180532 12.0064 -0.896467
4.94579 0.17964 12.0019 -0.891447
4.95779 0.178754 11.9974 -0.886438
4.96978 0.177872 11.9929 -0.88144
4.98177 0.176996 11.9885 -0.876453
4.99375 0.176124 11.984 -0.871477
5.00573 0.175258 11.9795 -0.866512
5.01771 0.174396 11.9751 -0.861558
5.02968 0.17354 11.9706 -0.856615
5.04164 0.172688 11.9661 -0.851684
5.0536 0.171841 11.9617 -0.846763
5.06556 0.170999 11.9572 -0.841853
5.07751 0.170162 11.9528 -0.836954
5.08946 0.16933 11.9483 -0.832066
5.10141 0.168503 11.9439 -0.827189
5.11335 0.167681 11.9395 -0.822323
5.12528 0.166863 11.935 -0.817467
5.13721 0.166051 11.9306 -0.812623
5.14914 0.165243 11.9262 -0.80779
5.16106 0.16444 11.9217 -0.802967
5.17298 0.163642 11.9173 -0.798155
5.18489 0.162849 11.9129 -0.793354
5.1968 0.16206 11.9085 -0.788564
5.2087 0.161276 11.9041 -0.783785
5.2206 0.160497 11.8997 -0.779017
5.2325 0.159723 11.8953 -0.774259
5.24439 0.158953 11.8908 -0.769512
5.25627 0.158189 11.8864 -0.764776
5.26816 0.157429 11.8821 -0.760051
5.28003 0.156673 11.8777 -0.755336
5.29191 0.155923 11.8733 -0.750632
5.30378 0.155177 11.8689 -0.745939
5.31564 0.154435 11.8645 -0.741257
5.3275 0.153699 11.8601 -0.736585
5.33936 0.152967 11.8557 -0.731924
5.35121 0.15224 11.8514 -0.727274
5.36305 0.151517 11.847 -0.722634
5.3749 0.150799 11.8426 -0.718005
5.38674 0.150086 11.8383 -0.713387
5.39857 0.149377 11.8339 -0.708779
5.4104 0.148673 11.8295 -0.704182
5.42222 0.147973 11.8252 -0.699596
5.43404 0.147278 11.8208 -0.69502
5.44586 0.146588 11.8165 -0.690455
5.45767 0.145902 11.8121 -0.6859
5.46948 0.14522 11.8078 -0.681356
5.48128 0.144543 11.8035 -0.676822
5.49308 0.143871 11.7991 -0.672299
5.50488 0.143203 11.7948 -0.667786
5.51667 0.14254 11.7905 -0.663284
5.52846 0.141881 11.7861 -0.658793
5.54024 0.141227 11.7818 -0.654312
5.55201 0.140577 11.7775 -0.649841
5.56379 0.139932 11.7732 -0.645381
5.57556 0.139291 11.7689 -0.640932
5.58732 0.138654 11.7646 -0.636492
5.59908 0.138022 11.7603 -0.632064
5.61084 0.137395 11.756 -0.627645
5.62259 0.136771 11.7517 -0.623237
5.63434 0.136153 11.7474 -0.61884
5.64608 0.135538 11.7431 -0.614453
5.65782 0.134928 11.7388 -0.610076
5.66955 0.134322 11.7345 -0.60571
5.68128 0.133721 11.7302 -0.601354
5.69301 0.133124 11.7259 -0.597008
5.70473 0.132531 11.7216 -0.592673
5.71645 0.131943 11.7174 -0.588348
5.72816 0.131359 11.7131 -0.584033
5.73987 0.130779 11.7088 -0.579728
5.75157 0.130204 11.7046 -0.575434
5.76327 0.129633 11.7003 -0.57115
5.77497 0.129066 11.696 -0.566877
5.78666 0.128503 11.6918 -0.562614
5.79835 0.127945 11.6875 -0.55836
5.81003 0.127391 11.6833 -0.554118
5.82171 0.126841 11.679 -0.549885
5.83339 0.126295 11.6748 -0.545662
5.84506 0.125754 11.6705 -0.54145
5.85672 0.125216 11.6663 -0.537248
5.86839 0.124683 11.6621 -0.533056
5.88004 0.124154 11.6578 -0.528875
5.8917 0.12363 11.6536 -0.524703
5.90335 0.123109 11.6494 -0.520542
5.91499 0.122593 11.6452 -0.51639
5.92663 0.122081 11.6409 -0.512249
5.93827 0.121572 11.6367 -0.508118
5.9499 0.121068 11.6325 -0.503997
5.96153 0.120569 11.6283 -0.499886
5.97315 0.120073 11.6241 -0.495785
5.98477 0.119581 11.6199 -0.491695
5.99639 0.119093 11.6157 -0.487614
6.008 0.11861 11.6115 -0.483543
6.01961 0.11813 11.6073 -0.479483
6.03121 0.117655 11.6031 -0.475432
6.04281 0.117184 11.5989 -0.471392
6.05441 0.116716 11.5947 -0.467361
6.066 0.116253 11.5905 -0.46334
6.07758 0.115794 11.5864 -0.45933
6.08916 0.115338 11.5822 -0.455329
6.10074 0.114887 11.578 -0.451339
6.11232 0.11444 11.5738 -0.447358
6.12389 0.113996 11.5697 -0.443387
6.13545 0.113557 11.5655 -0.439426
6.14701 0.113121 11.5613 -0.435475
6.15857 0.11269 11.5572 -0.431534
6.17012 0.112262 11.553 -0.427603
6.18167 0.111838 11.5489 -0.423682
6.19322 0.111419 11.5447 -0.41977
6.20476 0.111003 11.5406 -0.415869
6.21629 0.110591 11.5364 -0.411977
6.22783 0.110183 11.5323 -0.408095
6.23935 0.109779 11.5281 -0.404223
6.25088 0.109378 11.524 -0.400361
6.2624 0.108982 11.5199 -0.396508
6.27391 0.108589 11.5157 -0.392666
6.28543 0.1082 11.5116 -0.388833
6.29693 0.107815 11.5075 -0.38501
6.30844 0.107434 11.5034 -0.381197
6.31994 0.107057 11.4993 -0.377393
6.33143 0.106683 11.4951 -0.373599
6.34292 0.106313 11.491 -0.369815
6.35441 0.105947 11.4869 -0.366041
6.36589 0.105585 11.4828 -0.362276
6.37737 0.105226 11.4787 -0.358521
6.38884 0.104872 11.4746 -0.354776
6.40032 0.104521 11.4705 -0.351041
6.41178 0.104173 11.4664 -0.347315
6.42324 0.10383 11.4623 -0.343599
6.4347 0.10349 11.4582 -0.339892
6.44616 0.103154 11.4542 -0.336195
6.45761 0.102821 11.4501 -0.332508
6.46905 0.102492 11.446 -0.32883
6.48049 0.102167 11.4419 -0.325162
6.49193 0.101845 11.4378 -0.321504
6.50337 0.101528 11.4338 -0.317855
6.5148 0.101213 11.4297 -0.314215
6.52622 0.100903 11.4256 -0.310586
6.53764 0.100596 11.4216 -0.306966
6.54906 0.100293 11.4175 -0.303355
6.56047 0.0999928 11.4135 -0.299754
6.57188 0.0996966 11.4094 -0.296162
6.58329 0.099404 11.4054 -0.29258
6.59469 0.099115 11.4013 -0.289008
6.60609 0.0988296 11.3973 -0.285445
6.61748 0.0985477 11.3932 -0.281891
6.62887 0.0982693 11.3892 -0.278347
6.64025 0.0979945 11.3852 -0.274812
6.65164 0.0977232 11.3811 -0.271287
6.66301 0.0974555 11.3771 -0.267772
6.67439 0.0971912 11.3731 -0.264265
6.68576 0.0969304 11.369 -0.260769
6.69712 0.0966731 11.365 -0.257281
6.70848 0.0964193 11.361 -0.253803
6.71984 0.096169 11.357 -0.250334
6.73119 0.0959221 11.353 -0.246875
6.74254 0.0956787 11.349 -0.243425
6.75389 0.0954387 11.3449 -0.239985
6.76523 0.0952022 11.3409 -0.236554
6.77656 0.094969 11.3369 -0.233132
6.7879 0.0947393 11.3329 -0.22972
6.79922 0.094513 11.3289 -0.226316
6.81055 0.0942901 11.3249 -0.222923
6.82187 0.0940705 11.321 -0.219538
6.83319 0.0938544 11.317 -0.216163
6.8445 0.0936416 11.313 -0.212797
6.85581 0.0934321 11.309 -0.20944
6.86711 0.0932261 11.305 -0.206093
6.87842 0.0930233 11.301 -0.202755
6.88971 0.0928239 11.2971 -0.199426
6.90101 0.0926278 11.2931 -0.196107
6.9123 0.092435 11.2891 -0.192796
6.92358 0.0922455 11.2852 -0.189495
6.93486 0.0920593 11.2812 -0.186203
6.94614 0.0918763 11.2772 -0.18292
6.95741 0.0916967 11.2733 -0.179647
6.96868 0.0915203 11.2693 -0.176382
6.97995 0.0913472 11.2654 -0.173127
6.99121 0.0911773 11.2614 -0.169881
7.00247 0.0910107 11.2575 -0.166644
7.01372 0.0908473 11.2535 -0.163416
7.02497 0.0906871 11.2496 -0.160198
7.03621 0.0905301 11.2457 -0.156988
7.04746 0.0903763 11.2417 -0.153788
7.05869 0.0902257 11.2378 -0.150597
7.06993 0.0900783 11.2339 -0.147414
7.08116 0.089934 11.2299 -0.144241
7.09238 0.0897929 11.226 -0.141077
7.10361 0.089655 11.2221 -0.137922
7.11482 0.0895202 11.2182 -0.134777
7.12604 0.0893886 11.2143 -0.13164
7.13725 0.0892601 11.2103 -0.128512
7.14846 0.0891347 11.2064 -0.125393
7.15966 0.0890124 11.2025 -0.122283
7.17086 0.0888932 11.1986 -0.119183
7.18205 0.0887771 11.1947 -0.116091
7.19324 0.0886641 11.1908 -0.113008
7.20443 0.0885542 11.1869 -0.109934
7.21561 0.0884473 11.183 -0.106869
7.22679 0.0883435 11.1791 -0.103813
7.23797 0.0882428 11.1752 -0.100767
7.24914 0.088145 11.1714 -0.0977286
7.2603 0.0880503 11.1675 -0.0946996
7.27147 0.0879586 11.1636 -0.0916795
7.28263 0.08787 11.1597 -0.0886683
7.29378 0.0877843 11.1558 -0.085666
7.30494 0.0877016 11.152 -0.0826726
7.31608 0.087622 11.1481 -0.0796881
7.32723 0.0875452 11.1442 -0.0767125
7.33837 0.0874715 11.1404 -0.0737458
7.34951 0.0874007 11.1365 -0.0707879
7.36064 0.0873329 11.1326 -0.0678388
7.37177 0.087268 11.1288 -0.0648986
7.38289 0.087206 11.1249 -0.0619672
7.39401 0.087147 11.1211 -0.0590447
7.40513 0.0870908 11.1172 -0.056131
7.41624 0.0870376 11.1134 -0.053226
7.42735 0.0869873 11.1095 -0.0503299
7.43846 0.0869398 11.1057 -0.0474426
7.44956 0.0868953 11.1019 -0.044564
7.46066 0.0868536 11.098 -0.0416942
7.47175 0.0868147 11.0942 -0.0388332
7.48284 0.0867788 11.0904 -0.0359809
7.49393 0.0867456 11.0865 -0.0331373
7.50501 0.0867153 11.0827 -0.0303025
7.51609 0.0866878 11.0789 -0.0274764
7.52717 0.0866632 11.0751 -0.024659
7.53824 0.0866413 11.0713 -0.0218504
7.54931 0.0866223 11.0674 -0.0190504
7.56037 0.086606 11.0636 -0.0162591
7.57143 0.0865925 11.0598 -0.0134765
7.58248 0.0865818 11.056 -0.0107025
7.59354 0.0865739 11.0522 -0.00793724
7.60459 0.0865687 11.0484 -0.00518061
7.61563 0.0865663 11.0446 -0.00243261
7.62667 0.0865666 11.0408 0.000306745
7.63771 0.0865696 11.037 0.00303748
7.64874 0.0865754 11.0332 0.0057596
7.65977 0.0865839 11.0295 0.00847311
7.6708 0.086595 11.0257 0.011178
7.68182 0.0866089 11.0219 0.0138744
7.69284 0.0866255 11.0181 0.0165621
7.70385 0.0866447 11.0143 0.0192413
7.71486 0.0866666 11.0106 0.0219119
7.72587 0.0866912 11.0068 0.0245739
7.73687 0.0867184 11.003 0.0272275
7.74787 0.0867483 10.9992 0.0298724
7.75887 0.0867808 10.9955 0.0325089
7.76986 0.086816 10.9917 0.0351368
7.78085 0.0868537 10.988 0.0377562
7.79183 0.0868941 10.9842 0.0403672
7.80281 0.086937 10.9804 0.0429696
7.81379 0.0869826 10.9767 0.0455635
7.82476 0.0870308 10.9729 0.048149
7.83573 0.0870815 10.9692 0.050726
7.84669 0.0871348 10.9655 0.0532946
7.85766 0.0871906 10.9617 0.0558547
7.86861 0.087249 10.958 0.0584063
7.87957 0.08731 10.9542 0.0609495
7.89052 0.0873735 10.9505 0.0634843
7.90147 0.0874395 10.9468 0.0660107
7.91241 0.087508 10.943 0.0685287
7.92335 0.0875791 10.9393 0.0710383
7.93428 0.0876526 10.9356 0.0735395
7.94522 0.0877286 10.9319 0.0760323
7.95614 0.0878071 10.9282 0.0785168
7.96707 0.0878881 10.9244 0.0809929
7.97799 0.0879716 10.9207 0.0834606
7.98891 0.0880575 10.917 0.08592
7.99982 0.0881459 10.9133 0.088371
8.01073 0.0882367 10.9096 0.0908137
8.02163 0.0883299 10.9059 0.0932481
8.03254 0.0884256 10.9022 0.0956742
8.04343 0.0885237 10.8985 0.098092
8.05433 0.0886242 10.8948 0.100501
8.06522 0.0887271 10.8911 0.102903
8.07611 0.0888324 10.8874 0.105296
8.08699 0.0889401 10.8837 0.10768
8.09787 0.0890502 10.88 0.110057
8.10875 0.0891626 10.8764 0.112425
8.11962 0.0892774 10.8727 0.114785
8.13049 0.0893945 10.869 0.117136
8.14136 0.089514 10.8653 0.11948
8.15222 0.0896358 10.8616 0.121815
8.16307 0.0897599 10.858 0.124142
8.17393 0.0898864 10.8543 0.126461
8.18478 0.0900152 10.8506 0.128771
8.19563 0.0901462 10.847 0.131074
8.20647 0.0902796 10.8433 0.133368
8.21731 0.0904153 10.8397 0.135654
8.22815 0.0905532 10.836 0.137932
8.23898 0.0906934 10.8323 0.140202
8.24981 0.0908359 10.8287 0.142463
8.26063 0.0909806 10.825 0.144717
8.27145 0.0911275 10.8214 0.146962
8.28227 0.0912767 10.8178 0.149199
8.29309 0.0914282 10.8141 0.151428
8.3039 0.0915818 10.8105 0.153649
8.3147 0.0917377 10.8068 0.155862
8.32551 0.0918957 10.8032 0.158067
8.33631 0.092056 10.7996 0.160264
8.3471 0.0922185 10.7959 0.162453
8.35789 0.0923831 10.7923 0.164633
8.36868 0.0925499 10.7887 0.166806
8.37947 0.0927189 10.7851 0.16897
8.39025 0.09289 10.7815 0.171127
8.40103 0.0930633 10.7778 0.173275
8.4118 0.0932387 10.7742 0.175416
8.42257 0.0934162 10.7706 0.177548
8.43334 0.0935959 10.767 0.179672
8.4441 0.0937777 10.7634 0.181789
8.45486 0.0939616 10.7598 0.183897
8.46562 0.0941476 10.7562 0.185998
8.47637 0.0943357 10.7526 0.18809
8.48712 0.0945259 10.749 0.190175
8.49786 0.0947181 10.7454 0.192251
8.50861 0.0949124 10.7418 0.19432
8.51934 0.0951088 10.7382 0.19638
8.53008 0.0953072 10.7346 0.198433
8.54081 0.0955077 10.731 0.200478
8.55154 0.0957102 10.7275 0.202515
8.56226 0.0959148 10.7239 0.204544
8.57298 0.0961213 10.7203 0.206565
8.5837 0.0963299 10.7167 0.208578
8.59441 0.0965405 10.7131 0.210583
8.60512 0.0967531 10.7096 0.21258
8.61583 0.0969677 10.706 0.21457
8.62653 0.0971842 10.7024 0.216552
8.63723 0.0974027 10.6989 0.218525
8.64792 0.0976232 10.6953 0.220491
8.65862 0.0978457 10.6917 0.222449
8.6693 0.0980701 10.6882 0.2244
8.67999 0.0982964 10.6846 0.226342
8.69067 0.0985247 10.6811 0.228277
8.70135 0.0987549 10.6775 0.230204
8.71202 0.098987 10.674 0.232123
8.72269 0.0992211 10.6704 0.234034
8.73336 0.099457 10.6669 0.235937
8.74402 0.0996948 10.6634 0.237833
8.75468 0.0999345 10.6598 0.239721
8.76534 0.100176 10.6563 0.241601
8.77599 0.10042 10.6528 0.243473
8.78664 0.100665 10.6492 0.245338
8.79729 0.100912 10.6457 0.247195
8.80793 0.101161 10.6422 0.249044
8.81857 0.101412 10.6386 0.250886
8.8292 0.101665 10.6351 0.252719
8.83983 0.101919 10.6316 0.254545
8.85046 0.102176 10.6281 0.256364
8.86109 0.102434 10.6246 0.258174
8.87171 0.102694 10.6211 0.259977
8.88232 0.102956 10.6175 0.261773
8.89294 0.103219 10.614 0.26356
8.90355 0.103485 10.6105 0.26534
8.91416 0.103752 10.607 0.267112
8.92476 0.104021 10.6035 0.268877
8.93536 0.104291 10.6 0.270634
8.94596 0.104564 10.5965 0.272383
8.95655 0.104838 10.593 0.274125
8.96714 0.105114 10.5895 0.275859
8.97772 0.105391 10.5861 0.277586
8.98831 0.10567 10.5826 0.279305
8.99889 0.105951 10.5791 0.281016
9.00946 0.106234 10.5756 0.28272
9.02003 0.106519 10.5721 0.284416
9.0306 0.106805 10.5686 0.286104
9.04117 0.107092 10.5652 0.287785
9.05173 0.107382 10.5617 0.289459
9.06229 0.107673 10.5582 0.291125
9.07284 0.107966 10.5548 0.292783
9.08339 0.10826 10.5513 0.294434
9.09394 0.108556 10.5478 0.296077
9.10449 0.108854 10.5444 0.297713
9.11503 0.109153 10.5409 0.299341
9.12556 0.109454 10.5374 0.300962
9.1361 0.109757 10.534 0.302575
9.14663 0.110061 10.5305 0.304181
9.15716 0.110367 10.5271 0.30578
9.16768 0.110674 10.5236 0.30737
9.1782 0.110983 10.5202 0.308954
9.18872 0.111294 10.5167 0.31053
9.19923 0.111606 10.5133 0.312098
9.20974 0.111919 10.5099 0.313659
9.22025 0.112235 10.5064 0.315213
9.23075 0.112551 10.503 0.316759
9.24125 0.11287 10.4996 0.318297
9.25174 0.11319 10.4961 0.319829
9.26224 0.113511 10.4927 0.321353
9.27273 0.113834 10.4893 0.322869
9.28321 0.114158 10.4859 0.324378
9.2937 0.114484 10.4824 0.32588
9.30417 0.114811 10.479 0.327374
9.31465 0.11514 10.4756 0.328861
9.32512 0.115471 10.4722 0.330341
9.33559 0.115802 10.4688 0.331813
9.34606 0.116136 10.4654 0.333278
9.35652 0.11647 10.462 0.334735
9.36698 0.116807 10.4585 0.336185
9.37743 0.117144 10.4551 0.337628
9.38788 0.117483 10.4517 0.339064
9.39833 0.117824 10.4483 0.340492
9.40878 0.118166 10.4449 0.341913
9.41922 0.118509 10.4415 0.343327
9.42966 0.118854 10.4382 0.344733
9.44009 0.1192 10.4348 0.346132
9.45052 0.119547 10.4314 0.347524
9.46095 0.119896 10.428 0.348908
9.47138 0.120247 10.4246 0.350285
9.4818 0.120598 10.4212 0.351655
9.49221 0.120951 10.4178 0.353018
9.50263 0.121306 10.4145 0.354373
9.51304 0.121661 10.4111 0.355722
9.52345 0.122018 10.4077 0.357063
9.53385 0.122377 10.4044 0.358396
9.54425 0.122737 10.401 0.359723
9.55465 0.123098 10.3976 0.361042
9.56504 0.12346 10.3943 0.362354
9.57544 0.123824 10.3909 0.363659
9.58582 0.124189 10.3875 0.364957
9.59621 0.124555 10.3842 0.366247
9.60659 0.124922 10.3808 0.367531
9.61697 0.125291 10.3775 0.368807
9.62734 0.125661 10.3741 0.370076
9.63771 0.126033 10.3708 0.371338
9.64808 0.126405 10.3674 0.372593
9.65844 0.126779 10.3641 0.37384
9.6688 0.127154 10.3607 0.375081
9.67916 0.12753 10.3574 0.376314
9.68951 0.127908 10.3541 0.37754
9.69986 0.128287 10.3507 0.37876
9.71021 0.128667 10.3474 0.379972
9.72056 0.129048 10.3441 0.381176
9.7309 0.12943 10.3407 0.382374
9.74123 0.129814 10.3374 0.383565
9.75157 0.130199 10.3341 0.384749
9.7619 0.130585 10.3307 0.385925
9.77223 0.130972 10.3274 0.387095
9.78255 0.13136 10.3241 0.388257
9.79287 0.131749 10.3208 0.389413
9.80319 0.13214 10.3175 0.390561
9.8135 0.132532 10.3142 0.391702
9.82381 0.132924 10.3109 0.392837
9.83412 0.133318 10.3075 0.393964
9.84443 0.133713 10.3042 0.395084
9.85473 0.13411 10.3009 0.396197
9.86502 0.134507 10.2976 0.397304
9.87532 0.134905 10.2943 0.398403
9.88561 0.135305 10.291 0.399495
9.8959 0.135705 10.2877 0.40058
9.90618 0.136107 10.2844 0.401659
9.91646 0.13651 10.2812 0.40273
9.92674 0.136914 10.2779 0.403794
9.93702 0.137318 10.2746 0.404852
9.94729 0.137724 10.2713 0.405902
9.95755 0.138131 10.268 0.406946
9.96782 0.138539 10.2647 0.407982
9.97808 0.138948 10.2615 0.409012
9.98834 0.139358 10.2582 0.410035
9.99859 0.139769 10.2549 0.411051
10.0088 0.140181 10.2516 0.412059
10.0191 0.140594 10.2484 0.413061
10.0293 0.141009 10.2451 0.414057
10.0396 0.141424 10.2418 0.415045
10.0498 0.14184 10.2386 0.416026
10.0601 0.142257 10.2353 0.417001
10.0703 0.142675 10.232 0.417968
10.0805 0.143094 10.2288 0.418929
10.0907 0.143513 10.2255 0.419883
10.101 0.143934 10.2223 0.42083
10.1112 0.144356 10.219 0.42177
10.1214 0.144779 10.2158 0.422703
10.1316 0.145202 10.2125 0.42363
10.1418 0.145627 10.2093 0.424549
10.152 0.146052 10.206 0.425462
10.1622 0.146479 10.2028 0.426368
10.1724 0.146906 10.1996 0.427267
10.1826 0.147334 10.1963 0.42816
10.1928 0.147763 10.1931 0.429045
10.203 0.148193 10.1898 0.429924
10.2132 0.148624 10.1866 0.430796
10.2234 0.149056 10.1834 0.431662
10.2336 0.149488 10.1802 0.43252
10.2437 0.149921 10.1769 0.433372
10.2539 0.150356 10.1737 0.434217
10.2641 0.150791 10.1705 0.435055
10.2742 0.151227 10.1673 0.435887
10.2844 0.151663 10.1641 0.436712
10.2946 0.152101 10.1608 0.43753
10.3047 0.152539 10.1576 0.438341
10.3149 0.152978 10.1544 0.439146
10.325 0.153418 10.1512 0.439944
10.3352 0.153859 10.148 0.440735
10.3453 0.154301 10.1448 0.441519
10.3555 0.154743 10.1416 0.442297
10.3656 0.155186 10.1384 0.443068
10.3757 0.15563 10.1352 0.443833
10.3859 0.156074 10.132 0.444591
10.396 0.15652 10.1288 0.445342
10.4061 0.156966 10.1256 0.446086
10.4163 0.157413 10.1224 0.446824
10.4264 0.15786 10.1192 0.447555
10.4365 0.158308 10.1161 0.44828
10.4466 0.158757 10.1129 0.448998
10.4567 0.159207 10.1097 0.449709
10.4668 0.159658 10.1065 0.450414
10.4769 0.160109 10.1033 0.451112
10.487 0.16056 10.1001 0.451803
10.4971 0.161013 10.097 0.452488
10.5072 0.161466 10.0938 0.453166
10.5173 0.16192 10.0906 0.453838
10.5274 0.162374 10.0875 0.454503
10.5375 0.16283 10.0843 0.455161
10.5476 0.163285 10.0811 0.455813
10.5576 0.163742 10.078 0.456459
10.5677 0.164199 10.0748 0.457097
10.5778 0.164657 10.0717 0.45773
10.5878 0.165115 10.0685 0.458355
10.5979 0.165574 10.0653 0.458974
10.608 0.166034 10.0622 0.459587
10.618 0.166494 10.059 0.460193
10.6281 0.166955 10.0559 0.460793
10.6381 0.167416 10.0527 0.461386
10.6482 0.167878 10.0496 0.461972
10.6582 0.168341 10.0465 0.462552
10.6683 0.168804 10.0433 0.463126
10.6783 0.169267 10.0402 0.463693
10.6884 0.169732 10.037 0.464254
10.6984 0.170196 10.0339 0.464808
10.7084 0.170662 10.0308 0.465355
10.7185 0.171128 10.0276 0.465896
10.7285 0.171594 10.0245 0.466431
10.7385 0.172061 10.0214 0.466959
10.7485 0.172529 10.0183 0.467481
10.7585 0.172997 10.0151 0.467996
10.7685 0.173465 10.012 0.468505
10.7786 0.173934 10.0089 0.469008
10.7886 0.174404 10.0058 0.469504
10.7986 0.174874 10.0027 0.469994
10.8086 0.175344 9.99955 0.470477
10.8186 0.175815 9.99644 0.470954
10.8285 0.176286 9.99333 0.471424
10.8385 0.176758 9.99022 0.471888
10.8485 0.177231 9.98712 0.472346
10.8585 0.177703 9.98401 0.472797
10.8685 0.178177 9.98091 0.473242
10.8785 0.17865 9.97781 0.47368
10.8884 0.179124 9.97471 0.474112
10.8984 0.179599 9.97162 0.474538
10.9084 0.180074 9.96852 0.474958
10.9183 0.180549 9.96543 0.475371
10.9283 0.181025 9.96234 0.475777
10.9383 0.181501 9.95925 0.476178
10.9482 0.181978 9.95617 0.476572
10.9582 0.182455 9.95308 0.47696
10.9681 0.182932 9.95 0.477341
10.9781 0.18341 9.94692 0.477716
10.988 0.183888 9.94384 0.478085
10.998 0.184366 9.94076 0.478447
11.0079 0.184845 9.93769 0.478804
11.0178 0.185324 9.93461 0.479154
11.0278 0.185804 9.93154 0.479497
11.0377 0.186284 9.92847 0.479835
11.0476 0.186764 9.92541 0.480166
11.0575 0.187244 9.92234 0.480491
11.0675 0.187725 9.91928 0.480809
11.0774 0.188206 9.91622 0.481121
11.0873 0.188688 9.91316 0.481428
11.0972 0.189169 9.9101 0.481727
11.1071 0.189651 9.90704 0.482021
11.117 0.190134 9.90399 0.482308
11.1269 0.190616 9.90094 0.482589
11.1368 0.191099 9.89789 0.482864
11.1467 0.191582 9.89484 0.483133
11.1566 0.192066 9.89179 0.483396
11.1665 0.192549 9.88875 0.483652
11.1764 0.193033 9.8857 0.483902
11.1863 0.193517 9.88266 0.484146
11.1961 0.194002 9.87962 0.484384
11.206 0.194486 9.87659 0.484615
11.2159 0.194971 9.87355 0.484841
11.2258 0.195456 9.87052 0.48506
11.2356 0.195942 9.86748 0.485273
11.2455 0.196427 9.86446 0.48548
11.2553 0.196913 9.86143 0.48568
11.2652 0.197399 9.8584 0.485875
11.2751 0.197885 9.85538 0.486063
11.2849 0.198371 9.85235 0.486246
11.2948 0.198857 9.84933 0.486422
11.3046 0.199344 9.84632 0.486592
11.3145 0.199831 9.8433 0.486756
11.3243 0.200318 9.84028 0.486914
11.3341 0.200805 9.83727 0.487066
11.344 0.201292 9.83426 0.487211
11.3538 0.201779 9.83125 0.487351
11.3636 0.202267 9.82824 0.487484
11.3734 0.202754 9.82524 0.487612
11.3833 0.203242 9.82223 0.487733
11.3931 0.20373 9.81923 0.487848
11.4029 0.204218 9.81623 0.487957
11.4127 0.204706 9.81323 0.48806
11.4225 0.205194 9.81024 0.488157
11.4323 0.205682 9.80724 0.488248
11.4421 0.206171 9.80425 0.488333
11.4519 0.206659 9.80126 0.488412
11.4617 0.207148 9.79827 0.488485
11.4715 0.207636 9.79528 0.488552
11.4813 0.208125 9.79229 0.488613
11.4911 0.208613 9.78931 0.488668
11.5009 0.209102 9.78633 0.488717
11.5107 0.209591 9.78335 0.488759
11.5205 0.21008 9.78037 0.488796
11.5302 0.210569 9.77739 0.488827
11.54 0.211057 9.77442 0.488852
11.5498 0.211546 9.77145 0.488871
11.5596 0.212035 9.76848 0.488883
11.5693 0.212524 9.76551 0.48889
11.5791 0.213013 9.76254 0.488891
11.5888 0.213502 9.75957 0.488886
11.5986 0.213991 9.75661 0.488875
11.6084 0.21448 9.75365 0.488858
11.6181 0.214968 9.75069 0.488835
11.6279 0.215457 9.74773 0.488806
11.6376 0.215946 9.74477 0.488772
11.6473 0.216435 9.74182 0.488731
11.6571 0.216923 9.73886 0.488684
11.6668 0.217412 9.73591 0.488632
11.6766 0.217901 9.73296 0.488573
11.6863 0.218389 9.73001 0.488509
11.696 0.218878 9.72707 0.488439
11.7057 0.219366 9.72412 0.488363
11.7155 0.219854 9.72118 0.488281
11.7252 0.220342 9.71824 0.488193
11.7349 0.22083 9.7153 0.488099
11.7446 0.221318 9.71237 0.487999
11.7543 0.221806 9.70943 0.487893
11.764 0.222294 9.7065 0.487782
11.7737 0.222782 9.70357 0.487665
11.7834 0.223269 9.70064 0.487542
11.7931 0.223757 9.69771 0.487413
11.8028 0.224244 9.69478 0.487278
11.8125 0.224731 9.69186 0.487137
11.8222 0.225218 9.68893 0.486991
11.8319 0.225705 9.68601 0.486838
11.8416 0.226192 9.68309 0.48668
11.8512 0.226678 9.68017 0.486516
11.8609 0.227165 9.67726 0.486346
11.8706 0.227651 9.67435 0.486171
11.8803 0.228137 9.67143 0.485989
11.8899 0.228622 9.66852 0.485802
11.8996 0.229108 9.66561 0.485609
11.9093 0.229594 9.66271 0.48541
11.9189 0.230079 9.6598 0.485206
11.9286 0.230564 9.6569 0.484995
11.9382 0.231048 9.654 0.484779
11.9479 0.231533 9.6511 0.484557
11.9575 0.232017 9.6482 0.48433
11.9672 0.232501 9.6453 0.484096
11.9768 0.232985 9.64241 0.483857
11.9865 0.233469 9.63951 0.483612
11.9961 0.233952 9.63662 0.483362
12.0057 0.234435 9.63373 0.483106
12.0154 0.234918 9.63084 0.482843
12.025 0.235401 9.62796 0.482576
12.0346 0.235883 9.62507 0.482302
12.0442 0.236365 9.62219 0.482023
12.0539 0.236847 9.61931 0.481738
12.0635 0.237328 9.61643 0.481447
12.0731 0.237809 9.61355 0.481151
12.0827 0.23829 9.61068 0.480849
12.0923 0.238771 9.6078 0.480541
12.1019 0.239251 9.60493 0.480228
12.1115 0.239731 9.60206 0.479909
12.1211 0.240211 9.59919 0.479584
12.1307 0.24069 9.59632 0.479254
12.1403 0.241169 9.59346 0.478918
12.1499 0.241647 9.59059 0.478576
12.1595 0.242126 9.58773 0.478228
12.1691 0.242603 9.58487 0.477875
12.1786 0.243081 9.58201 0.477517
12.1882 0.243558 9.57916 0.477152
12.1978 0.244035 9.5763 0.476782
12.2074 0.244511 9.57345 0.476407
12.2169 0.244987 9.57059 0.476026
12.2265 0.245463 9.56774 0.475639
12.2361 0.245938 9.5649 0.475246
12.2456 0.246413 9.56205 0.474848
12.2552 0.246888 9.5592 0.474445
12.2648 0.247362 9.55636 0.474036
12.2743 0.247835 9.55352 0.473621
12.2839 0.248308 9.55068 0.4732
12.2934 0.248781 9.54784 0.472774
12.303 0.249253 9.545 0.472343
12.3125 0.249725 9.54217 0.471906
12.322 0.250197 9.53934 0.471463
12.3316 0.250668 9.5365 0.471015
12.3411 0.251138 9.53367 0.470561
12.3506 0.251609 9.53085 0.470101
12.3602 0.252078 9.52802 0.469636
12.3697 0.252547 9.52519 0.469166
12.3792 0.253016 9.52237 0.46869
12.3887 0.253484 9.51955 0.468208
12.3982 0.253952 9.51673 0.467721
12.4078 0.254419 9.51391 0.467229
12.4173 0.254886 9.51109 0.466731
12.4268 0.255352 9.50828 0.466227
12.4363 0.255818 9.50547 0.465718
12.4458 0.256283 9.50265 0.465203
12.4553 0.256748 9.49984 0.464683
12.4648 0.257212 9.49704 0.464158
12.4743 0.257676 9.49423 0.463627
12.4838 0.258139 9.49143 0.46309
12.4933 0.258601 9.48862 0.462548
12.5027 0.259063 9.48582 0.462
12.5122 0.259525 9.48302 0.461447
12.5217 0.259986 9.48022 0.460889
12.5312 0.260446 9.47743 0.460325
12.5407 0.260906 9.47463 0.459756
12.5501 0.261365 9.47184 0.459181
12.5596 0.261823 9.46905 0.4586
12.5691 0.262281 9.46626 0.458015
12.5785 0.262739 9.46347 0.457424
12.588 0.263196 9.46068 0.456827
12.5974 0.263652 9.4579 0.456225
12.6069 0.264107 9.45511 0.455617
12.6164 0.264562 9.45233 0.455005
12.6258 0.265017 9.44955 0.454386
12.6353 0.265471 9.44677 0.453763
12.6447 0.265924 9.44399 0.453134
12.6541 0.266376 9.44122 0.452499
12.6636 0.266828 9.43845 0.451859
12.673 0.267279 9.43567 0.451214
12.6824 0.26773 9.4329 0.450563
12.6919 0.26818 9.43013 0.449907
12.7013 0.268629 9.42737 0.449246
12.7107 0.269078 9.4246 0.448579
12.7201 0.269526 9.42184 0.447907
12.7296 0.269973 9.41907 0.44723
12.739 0.270419 9.41631 0.446547
12.7484 0.270865 9.41356 0.445859
12.7578 0.27131 9.4108 0.445165
12.7672 0.271755 9.40804 0.444466
12.7766 0.272199 9.40529 0.443762
12.786 0.272642 9.40254 0.443053
12.7954 0.273084 9.39978 0.442338
12.8048 0.273526 9.39703 0.441618
12.8142 0.273966 9.39429 0.440892
12.8236 0.274407 9.39154 0.440161
12.833 0.274846 9.3888 0.439425
12.8424 0.275285 9.38605 0.438684
12.8518 0.275723 9.38331 0.437937
12.8611 0.27616 9.38057 0.437185
12.8705 0.276596 9.37783 0.436428
12.8799 0.277032 9.3751 0.435665
12.8893 0.277467 9.37236 0.434897
12.8986 0.277901 9.36963 0.434124
12.908 0.278334 9.3669 0.433346
12.9174 0.278767 9.36417 0.432562
12.9267 0.279199 9.36144 0.431773
12.9361 0.27963 9.35871 0.430979
12.9454 0.28006 9.35599 0.43018
12.9548 0.280489 9.35326 0.429375
12.9642 0.280918 9.35054 0.428565
12.9735 0.281346 9.34782 0.42775
12.9828 0.281772 9.3451 0.42693
12.9922 0.282199 9.34238 0.426104
13.0015 0.282624 9.33967 0.425273
13.0109 0.283048 9.33695 0.424437
13.0202 0.283472 9.33424 0.423596
13.0295 0.283895 9.33153 0.422749
13.0389 0.284316 9.32882 0.421898
13.0482 0.284738 9.32611 0.421041
13.0575 0.285158 9.3234 0.420179
13.0668 0.285577 9.3207 0.419311
13.0761 0.285995 9.318 0.418439
13.0855 0.286413 9.3153 0.417561
13.0948 0.28683 9.31259 0.416678
13.1041 0.287245 9.3099 0.41579
13.1134 0.28766 9.3072 0.414897
13.1227 0.288074 9.3045 0.413999
13.132 0.288487 9.30181 0.413095
13.1413 0.2889 9.29912 0.412187
13.1506 0.289311 9.29643 0.411273
13.1599 0.289721 9.29374 0.410354
13.1692 0.290131 9.29105 0.40943
13.1785 0.290539 9.28836 0.4085
13.1878 0.290947 9.28568 0.407566
13.197 0.291353 9.283 0.406626
13.2063 0.291759 9.28031 0.405682
13.2156 0.292164 9.27763 0.404732
13.2249 0.292568 9.27496 0.403777
13.2341 0.29297 9.27228 0.402817
13.2434 0.293372 9.2696 0.401852
13.2527 0.293773 9.26693 0.400882
13.2619 0.294173 9.26426 0.399907
13.2712 0.294572 9.26159 0.398926
13.2805 0.29497 9.25892 0.397941
13.2897 0.295367 9.25625 0.39695
13.299 0.295763 9.25358 0.395954
13.3082 0.296158 9.25092 0.394954
13.3175 0.296552 9.24826 0.393948
13.3267 0.296945 9.2456 0.392937
13.336 0.297337 9.24294 0.391921
13.3452 0.297728 9.24028 0.3909
13.3544 0.298117 9.23762 0.389874
13.3637 0.298506 9.23497 0.388843
13.3729 0.298894 9.23231 0.387807
13.3821 0.299281 9.22966 0.386766
13.3914 0.299667 9.22701 0.385719
13.4006 0.300051 9.22436 0.384668
13.4098 0.300435 9.22171 0.383612
13.419 0.300817 9.21907 0.382551
13.4282 0.301199 9.21642 0.381484
13.4375 0.301579 9.21378 0.380413
13.4467 0.301959 9.21114 0.379337
13.4559 0.302337 9.2085 0.378255
13.4651 0.302714 9.20586 0.377169
13.4743 0.30309 9.20322 0.376077
13.4835 0.303465 9.20058 0.374981
13.4927 0.303839 9.19795 0.37388
13.5019 0.304212 9.19532 0.372773
13.5111 0.304583 9.19269 0.371662
13.5203 0.304954 9.19006 0.370546
13.5294 0.305323 9.18743 0.369425
13.5386 0.305692 9.1848 0.368298
13.5478 0.306059 9.18218 0.367167
13.557 0.306425 9.17955 0.366031
13.5662 0.30679 9.17693 0.36489
13.5753 0.307153 9.17431 0.363744
13.5845 0.307516 9.17169 0.362593
13.5937 0.307878 9.16907 0.361437
13.6029 0.308238 9.16646 0.360276
13.612 0.308597 9.16384 0.35911
13.6212 0.308955 9.16123 0.357939
13.6303 0.309312 9.15862 0.356764
13.6395 0.309667 9.15601 0.355583
13.6486 0.310022 9.1534 0.354397
13.6578 0.310375 9.15079 0.353207
13.6669 0.310727 9.14819 0.352012
13.6761 0.311078 9.14558 0.350811
13.6852 0.311427 9.14298 0.349606
13.6944 0.311776 9.14038 0.348396
13.7035 0.312123 9.13778 0.347181
13.7126 0.312469 9.13518 0.345961
13.7218 0.312813 9.13258 0.344737
13.7309 0.313157 9.12999 0.343507
13.74 0.313499 9.1274 0.342273
13.7492 0.31384 9.1248 0.341033
13.7583 0.31418 9.12221 0.339789
13.7674 0.314519 9.11962 0.33854
13.7765 0.314856 9.11704 0.337286
13.7856 0.315192 9.11445 0.336027
13.7947 0.315527 9.11186 0.334764
13.8039 0.31586 9.10928 0.333495
13.813 0.316192 9.1067 0.332222
13.8221 0.316523 9.10412 0.330944
13.8312 0.316853 9.10154 0.329661
13.8403 0.317181 9.09896 0.328373
13.8494 0.317508 9.09638 0.32708
13.8585 0.317834 9.09381 0.325783
13.8675 0.318159 9.09124 0.32448
13.8766 0.318482 9.08866 0.323173
13.8857 0.318804 9.08609 0.321861
13.8948 0.319124 9.08353 0.320544
13.9039 0.319444 9.08096 0.319223
13.913 0.319761 9.07839 0.317897
13.922 0.320078 9.07583 0.316565
13.9311 0.320393 9.07326 0.31523
13.9402 0.320707 9.0707 0.313889
13.9493 0.32102 9.06814 0.312543
13.9583 0.321331 9.06558 0.311193
13.9674 0.321641 9.06303 0.309838
13.9764 0.321949 9.06047 0.308478
13.9855 0.322256 9.05792 0.307114
13.9946 0.322562 9.05536 0.305744
14.0036 0.322866 9.05281 0.30437
14.0127 0.323169 9.05026 0.302991
14.0217 0.323471 9.04771 0.301608
14.0308 0.323771 9.04516 0.300219
14.0398 0.32407 9.04262 0.298826
14.0488 0.324367 9.04007 0.297429
14.0579 0.324664 9.03753 0.296026
14.0669 0.324958 9.03499 0.294619
14.0759 0.325251 9.03245 0.293207
14.085 0.325543 9.02991 0.29179
14.094 0.325833 9.02737 0.290369
14.103 0.326122 9.02484 0.288942
14.112 0.32641 9.0223 0.287511
14.1211 0.326696 9.01977 0.286076
14.1301 0.326981 9.01724 0.284636
14.1391 0.327264 9.01471 0.283191
14.1481 0.327546 9.01218 0.281741
14.1571 0.327826 9.00965 0.280287
14.1661 0.328105 9.00713 0.278828
14.1751 0.328382 9.0046 0.277364
14.1841 0.328658 9.00208 0.275895
14.1931 0.328932 8.99956 0.274422
14.2021 0.329205 8.99704 0.272945
14.2111 0.329477 8.99452 0.271462
14.2201 0.329747 8.992 0.269975
14.2291 0.330015 8.98949 0.268483
14.2381 0.330282 8.98697 0.266987
14.2471 0.330548 8.98446 0.265486
14.2561 0.330812 8.98195 0.26398
14.265 0.331074 8.97944 0.26247
14.274 0.331335 8.97693 0.260955
14.283 0.331595 8.97442 0.259435
14.292 0.331852 8.97191 0.257911
14.3009 0.332109 8.96941 0.256382
14.3099 0.332364 8.9669 0.254849
14.3189 0.332617 8.9644 0.253311
14.3278 0.332869 8.9619 0.251768
14.3368 0.333119 8.9594 0.250221
14.3457 0.333368 8.95691 0.248669
14.3547 0.333615 8.95441 0.247112
14.3636 0.33386 8.95191 0.245551
14.3726 0.334104 8.94942 0.243985
14.3815 0.334347 8.94693 0.242415
14.3905 0.334588 8.94444 0.24084
14.3994 0.334827 8.94195 0.239261
14.4084 0.335065 8.93946 0.237676
14.4173 0.335301 8.93697 0.236088
14.4262 0.335535 8.93449 0.234495
14.4352 0.335768 8.932 0.232897
14.4441 0.335999 8.92952 0.231294
14.453 0.336229 8.92704 0.229687
14.462 0.336457 8.92456 0.228076
14.4709 0.336684 8.92208 0.22646
14.4798 0.336908 8.9196 0.224839
14.4887 0.337132 8.91713 0.223214
14.4976 0.337353 8.91465 0.221584
14.5065 0.337573 8.91218 0.21995
14.5154 0.337791 8.90971 0.218312
14.5244 0.338008 8.90724 0.216668
14.5333 0.338223 8.90477 0.21502
14.5422 0.338436 8.9023 0.213368
14.5511 0.338648 8.89984 0.211711
14.56 0.338858 8.89737 0.21005
14.5689 0.339067 8.89491 0.208384
14.5777 0.339273 8.89245 0.206714
14.5866 0.339478 8.88999 0.205039
14.5955 0.339682 8.88753 0.203359
14.6044 0.339883 8.88507 0.201675
14.6133 0.340083 8.88261 0.199987
14.6222 0.340282 8.88016 0.198294
14.6311 0.340478 8.8777 0.196597
14.6399 0.340673 8.87525 0.194895
14.6488 0.340866 8.8728 0.193188
14.6577 0.341058 8.87035 0.191478
14.6665 0.341248 8.8679 0.189762
14.6754 0.341436 8.86546 0.188043
14.6843 0.341622 8.86301 0.186318
14.6931 0.341807 8.86057 0.18459
14.702 0.341989 8.85812 0.182857
14.7108 0.342171 8.85568 0.181119
14.7197 0.34235 8.85324 0.179377
14.7285 0.342528 8.8508 0.17763
14.7374 0.342703 8.84836 0.17588
14.7462 0.342878 8.84593 0.174124
14.7551 0.34305 8.84349 0.172364
14.7639 0.34322 8.84106 0.1706
14.7728 0.343389 8.83863 0.168832
14.7816 0.343556 8.8362 0.167058
14.7904 0.343722 8.83377 0.165281
14.7993 0.343885 8.83134 0.163499
14.8081 0.344047 8.82891 0.161713
14.8169 0.344207 8.82649 0.159922
14.8257 0.344365 8.82406 0.158127
14.8346 0.344521 8.82164 0.156327
14.8434 0.344676 8.81922 0.154523
14.8522 0.344828 8.8168 0.152715
14.861 0.344979 8.81438 0.150902
14.8698 0.345128 8.81196 0.149085
14.8786 0.345276 8.80954 0.147264
14.8874 0.345421 8.80713 0.145438
14.8962 0.345565 8.80472 0.143608
14.905 0.345707 8.8023 0.141773
14.9138 0.345846 8.79989 0.139934
14.9226 0.345985 8.79748 0.138091
14.9314 0.346121 8.79507 0.136243
14.9402 0.346255 8.79267 0.134391
14.949 0.346388 8.79026 0.132534
14.9578 0.346518 8.78786 0.130673
14.9666 0.346647 8.78545 0.128808
14.9754 0.346774 8.78305 0.126939
14.9842 0.346899 8.78065 0.125065
14.9929 0.347022 8.77825 0.123187
15.0017 0.347144 8.77586 0.121304
15.0105 0.347263 8.77346 0.119417
15.0193 0.347381 8.77106 0.117526
15.028 0.347496 8.76867 0.115631
15.0368 0.34761 8.76628 0.113731
15.0456 0.347722 8.76389 0.111827
15.0543 0.347832 8.7615 0.109919
15.0631 0.34794 8.75911 0.108006
15.0718 0.348046 8.75672 0.106089
15.0806 0.34815 8.75433 0.104167
15.0893 0.348252 8.75195 0.102242
15.0981 0.348353 8.74957 0.100312
15.1068 0.348451 8.74718 0.0983776
15.1156 0.348547 8.7448 0.096439
15.1243 0.348642 8.74242 0.0944962
15.1331 0.348734 8.74005 0.0925492
15.1418 0.348825 8.73767 0.0905978
15.1505 0.348914 8.73529 0.0886422
15.1593 0.349 8.73292 0.0866823
15.168 0.349085 8.73054 0.0847181
15.1767 0.349168 8.72817 0.0827497
15.1855 0.349249 8.7258 0.080777
15.1942 0.349327 8.72343 0.0788
15.2029 0.349404 8.72107 0.0768188
15.2116 0.349479 8.7187 0.0748333
15.2203 0.349552 8.71633 0.0728436
15.2291 0.349623 8.71397 0.0708497
15.2378 0.349692 8.71161 0.0688515
15.2465 0.349758 8.70924 0.0668491
15.2552 0.349823 8.70688 0.0648424
15.2639 0.349886 8.70453 0.0628316
15.2726 0.349947 8.70217 0.0608165
15.2813 0.350006 8.69981 0.0587971
15.29 0.350063 8.69746 0.0567736
15.2987 0.350117 8.6951 0.0547458
15.3074 0.35017 8.69275 0.0527138
15.3161 0.350221 8.6904 0.0506777
15.3247 0.350269 8.68805 0.0486373
15.3334 0.350316 8.6857 0.0465927
15.3421 0.35036 8.68335 0.0445439
15.3508 0.350403 8.68101 0.0424909
15.3595 0.350443 8.67866 0.0404338
15.3682 0.350482 8.67632 0.0383724
15.3768 0.350518 8.67397 0.0363068
15.3855 0.350552 8.67163 0.0342371
15.3942 0.350584 8.66929 0.0321632
15.4028 0.350615 8.66696 0.0300851
15.4115 0.350643 8.66462 0.0280029
15.4202 0.350668 8.66228 0.0259165
15.4288 0.350692 8.65995 0.0238259
15.4375 0.350714 8.65761 0.0217311
15.4461 0.350734 8.65528 0.0196322
15.4548 0.350751 8.65295 0.0175292
15.4634 0.350767 8.65062 0.015422
15.4721 0.35078 8.64829 0.0133106
15.4807 0.350791 8.64596 0.0111951
15.4894 0.3508 8.64364 0.0090755
15.498 0.350807 8.64131 0.00695173
15.5067 0.350812 8.63899 0.00482382
15.5153 0.350815 8.63667 0.00269178
15.5239 0.350815 8.63435 0.000555615
15.5326 0.350814 8.63203 -0.00158468
15.5412 0.35081 8.62971 -0.00372909
15.5498 0.350804 8.62739 -0.00587762
15.5584 0.350796 8.62507 -0.00803026
15.5671 0.350786 8.62276 -0.010187
15.5757 0.350773 8.62045 -0.0123479
15.5843 0.350759 8.61813 -0.0145128
15.5929 0.350742 8.61582 -0.0166819
15.6015 0.350723 8.61351 -0.0188551
15.6101 0.350702 8.6112 -0.0210323
15.6188 0.350679 8.6089 -0.0232137
15.6274 0.350654 8.60659 -0.0253991
15.636 0.350626 8.60429 -0.0275886
15.6446 0.350596 8.60198 -0.0297822
15.6532 0.350564 8.59968 -0.0319799
15.6618 0.35053 8.59738 -0.0341817
15.6704 0.350494 8.59508 -0.0363875
15.679 0.350455 8.59278 -0.0385974
15.6875 0.350414 8.59048 -0.0408114
15.6961 0.350371 8.58818 -0.0430294
15.7047 0.350326 8.58589 -0.0452515
15.7133 0.350279 8.5836 -0.0474776
15.7219 0.350229 8.5813 -0.0497078
15.7305 0.350177 8.57901 -0.051942
15.739 0.350123 8.57672 -0.0541803
15.7476 0.350066 8.57443 -0.0564226
15.7562 0.350008 8.57214 -0.058669
15.7648 0.349947 8.56986 -0.0609194
15.7733 0.349884 8.56757 -0.0631738
15.7819 0.349818 8.56529 -0.0654323
15.7904 0.349751 8.56301 -0.0676947
15.799 0.349681 8.56072 -0.0699613
15.8076 0.349608 8.55844 -0.0722318
15.8161 0.349534 8.55616 -0.0745063
15.8247 0.349457 8.55389 -0.0767849
15.8332 0.349378 8.55161 -0.0790674
15.8418 0.349297 8.54933 -0.081354
15.8503 0.349213 8.54706 -0.0836446
15.8589 0.349127 8.54479 -0.0859392
15.8674 0.349039 8.54251 -0.0882377
15.876 0.348948 8.54024 -0.0905403
15.8845 0.348855 8.53797 -0.0928469
15.893 0.34876 8.53571 -0.0951574
15.9016 0.348663 8.53344 -0.0974719
15.9101 0.348563 8.53117 -0.0997904
15.9186 0.348461 8.52891 -0.102113
15.9271 0.348356 8.52664 -0.104439
15.9357 0.34825 8.52438 -0.10677
15.9442 0.348141 8.52212 -0.109104
15.9527 0.348029 8.51986 -0.111443
15.9612 0.347915 8.5176 -0.113785
15.9697 0.347799 8.51535 -0.116131
15.9783 0.347681 8.51309 -0.118481
15.9868 0.34756 8.51083 -0.120836
15.9953 0.347437 8.50858 -0.123194
16.0038 0.347311 8.50633 -0.125556
16.0123 0.347183 8.50408 -0.127922
16.0208 0.347053 8.50183 -0.130292
16.0293 0.34692 8.49958 -0.132666
16.0378 0.346785 8.49733 -0.135044
16.0463 0.346648 8.49508 -0.137425
16.0548 0.346508 8.49284 -0.139811
16.0633 0.346366 8.49059 -0.142201
16.0718 0.346221 8.48835 -0.144594
16.0802 0.346074 8.48611 -0.146992
16.0887 0.345925 8.48387 -0.149393
16.0972 0.345773 8.48163 -0.151799
16.1057 0.345619 8.47939 -0.154208
16.1142 0.345462 8.47715 -0.156621
16.1226 0.345303 8.47491 -0.159038
16.1311 0.345142 8.47268 -0.161459
16.1396 0.344978 8.47044 -0.163884
16.148 0.344811 8.46821 -0.166312
16.1565 0.344643 8.46598 -0.168745
16.165 0.344472 8.46375 -0.171181
16.1734 0.344298 8.46152 -0.173622
16.1819 0.344122 8.45929 -0.176066
16.1904 0.343943 8.45707 -0.178514
16.1988 0.343762 8.45484 -0.180966
16.2073 0.343579 8.45262 -0.183422
16.2157 0.343393 8.45039 -0.185882
16.2242 0.343205 8.44817 -0.188345
16.2326 0.343014 8.44595 -0.190813
16.2411 0.342821 8.44373 -0.193284
16.2495 0.342625 8.44151 -0.195759
16.2579 0.342427 8.4393 -0.198238
16.2664 0.342226 8.43708 -0.200721
16.2748 0.342023 8.43486 -0.203208
16.2832 0.341817 8.43265 -0.205699
16.2917 0.341609 8.43044 -0.208193
16.3001 0.341398 8.42823 -0.210691
16.3085 0.341185 8.42602 -0.213193
16.3169 0.340969 8.42381 -0.215699
16.3254 0.340751 8.4216 -0.218209
16.3338 0.34053 8.41939 -0.220723
16.3422 0.340307 8.41719 -0.22324
16.3506 0.340081 8.41498 -0.225761
16.359 0.339853 8.41278 -0.228286
16.3674 0.339622 8.41057 -0.230815
16.3759 0.339389 8.40837 -0.233348
16.3843 0.339153 8.40617 -0.235885
16.3927 0.338915 8.40397 -0.238425
16.4011 0.338674 8.40178 -0.240969
16.4095 0.33843 8.39958 -0.243517
16.4179 0.338184 8.39739 -0.246068
16.4263 0.337935 8.39519 -0.248624
16.4346 0.337684 8.393 -0.251183
16.443 0.33743 8.39081 -0.253746
16.4514 0.337174 8.38862 -0.256313
16.4598 0.336915 8.38643 -0.258884
16.4682 0.336654 8.38424 -0.261458
16.4766 0.33639 8.38205 -0.264036
16.485 0.336123 8.37986 -0.266618
16.4933 0.335854 8.37768 -0.269204
16.5017 0.335582 8.37549 -0.271794
16.5101 0.335308 8.37331 -0.274387
16.5185 0.335031 8.37113 -0.276984
16.5268 0.334751 8.36895 -0.279585
16.5352 0.334469 8.36677 -0.282189
16.5436 0.334184 8.36459 -0.284798
16.5519 0.333897 8.36241 -0.28741
16.5603 0.333607 8.36024 -0.290025
16.5686 0.333314 8.35806 -0.292645
16.577 0.333019 8.35589 -0.295268
16.5853 0.332721 8.35372 -0.297895
16.5937 0.33242 8.35155 -0.300526
16.602 0.332117 8.34938 -0.30316
16.6104 0.331811 8.34721 -0.305799
16.6187 0.331503 8.34504 -0.30844
16.6271 0.331192 8.34287 -0.311086
16.6354 0.330878 8.3407 -0.313736
16.6438 0.330562 8.33854 -0.316389
16.6521 0.330243 8.33638 -0.319045
16.6604 0.329921 8.33421 -0.321706
16.6688 0.329597 8.33205 -0.32437
16.6771 0.32927 8.32989 -0.327038
16.6854 0.32894 8.32773 -0.32971
16.6937 0.328608 8.32558 -0.332385
16.7021 0.328272 8.32342 -0.335064
16.7104 0.327935 8.32126 -0.337747
16.7187 0.327594 8.31911 -0.340433
16.727 0.327251 8.31695 -0.343123
16.7353 0.326905 8.3148 -0.345817
16.7437 0.326557 8.31265 -0.348515
16.752 0.326206 8.3105 -0.351216
16.7603 0.325852 8.30835 -0.353921
16.7686 0.325495 8.3062 -0.356629
16.7769 0.325136 8.30406 -0.359341
16.7852 0.324774 8.30191 -0.362057
16.7935 0.324409 8.29977 -0.364777
16.8018 0.324041 8.29762 -0.3675
16.8101 0.323671 8.29548 -0.370227
16.8184 0.323298 8.29334 -0.372957
16.8267 0.322923 8.2912 -0.375691
16.835 0.322544 8.28906 -0.378429
16.8432 0.322163 8.28692 -0.381171
16.8515 0.321779 8.28478 -0.383916
16.8598 0.321392 8.28265 -0.386664
16.8681 0.321003 8.28051 -0.389417
16.8764 0.320611 8.27838 -0.392173
16.8846 0.320216 8.27625 -0.394932
16.8929 0.319818 8.27412 -0.397696
16.9012 0.319418 8.27199 -0.400463
16.9095 0.319014 8.26986 -0.403233
16.9177 0.318608 8.26773 -0.406007
16.926 0.3182 8.2656 -0.408785
16.9343 0.317788 8.26348 -0.411566
16.9425 0.317374 8.26135 -0.414351
16.9508 0.316957 8.25923 -0.41714
16.959 0.316537 8.25711 -0.419932
16.9673 0.316114 8.25498 -0.422728
16.9755 0.315688 8.25286 -0.425528
16.9838 0.31526 8.25074 -0.428331
16.992 0.314829 8.24863 -0.431137
17.0003 0.314395 8.24651 -0.433948
17.0085 0.313958 8.24439 -0.436761
17.0168 0.313519 8.24228 -0.439579
17.025 0.313076 8.24016 -0.4424
17.0333 0.312631 8.23805 -0.445224
17.0415 0.312183 8.23594 -0.448053
17.0497 0.311732 8.23383 -0.450884
17.058 0.311278 8.23172 -0.45372
17.0662 0.310822 8.22961 -0.456559
17.0744 0.310362 8.2275 -0.459401
17.0826 0.3099 8.2254 -0.462247
17.0909 0.309435 8.22329 -0.465097
17.0991 0.308967 8.22119 -0.46795
17.1073 0.308496 8.21908 -0.470807
17.1155 0.308023 8.21698 -0.473667
17.1237 0.307546 8.21488 -0.476531
17.1319 0.307067 8.21278 -0.479398
17.1402 0.306584 8.21068 -0.482269
17.1484 0.306099 8.20858 -0.485144
17.1566 0.305611 8.20649 -0.488022
17.1648 0.30512 8.20439 -0.490903
17.173 0.304627 8.2023 -0.493788
17.1812 0.30413 8.2002 -0.496677
17.1894 0.30363 8.19811 -0.499569
17.1976 0.303128 8.19602 -0.502465
17.2058 0.302623 8.19393 -0.505364
17.214 0.302114 8.19184 -0.508267
17.2221 0.301603 8.18975 -0.511173
17.2303 0.301089 8.18766 -0.514083
17.2385 0.300572 8.18558 -0.516996
17.2467 0.300052 8.18349 -0.519913
17.2549 0.299529 8.18141 -0.522833
17.2631 0.299003 8.17933 -0.525757
17.2712 0.298475 8.17725 -0.528685
17.2794 0.297943 8.17516 -0.531615
17.2876 0.297409 8.17308 -0.53455
17.2958 0.296871 8.17101 -0.537488
17.3039 0.296331 8.16893 -0.540429
17.3121 0.295787 8.16685 -0.543374
17.3203 0.295241 8.16478 -0.546322
17.3284 0.294692 8.1627 -0.549274
17.3366 0.29414 8.16063 -0.552229
17.3447 0.293584 8.15856 -0.555188
17.3529 0.293026 8.15649 -0.55815
17.3611 0.292465 8.15442 -0.561116
17.3692 0.291901 8.15235 -0.564085
17.3774 0.291334 8.15028 -0.567058
17.3855 0.290764 8.14821 -0.570034
17.3937 0.290191 8.14615 -0.573014
17.4018 0.289615 8.14408 -0.575997
17.4099 0.289036 8.14202 -0.578983
17.4181 0.288454 8.13995 -0.581973
17.4262 0.287869 8.13789 -0.584967
17.4344 0.287281 8.13583 -0.587964
17.4425 0.28669 8.13377 -0.590964
17.4506 0.286096 8.13171 -0.593968
17.4587 0.285499 8.12966 -0.596975
17.4669 0.284899 8.1276 -0.599986
17.475 0.284296 8.12554 -0.603
17.4831 0.28369 8.12349 -0.606018
17.4912 0.283081 8.12144 -0.609039
17.4994 0.282469 8.11938 -0.612063
17.5075 0.281854 8.11733 -0.615091
17.5156 0.281236 8.11528 -0.618122
17.5237 0.280615 8.11323 -0.621157
17.5318 0.27999 8.11118 -0.624195
17.5399 0.279363 8.10914 -0.627237
17.548 0.278733 8.10709 -0.630282
17.5561 0.2781 8.10504 -0.63333
17.5642 0.277463 8.103 -0.636382
17.5723 0.276824 8.10096 -0.639437
17.5804 0.276181 8.09892 -0.642496
17.5885 0.275536 8.09687 -0.645558
17.5966 0.274887 8.09483 -0.648623
17.6047 0.274235 8.0928 -0.651692
17.6128 0.273581 8.09076 -0.654764
17.6209 0.272923 8.08872 -0.65784
17.629 0.272262 8.08668 -0.660919
17.6371 0.271598 8.08465 -0.664001
17.6452 0.270931 8.08262 -0.667087
17.6532 0.270261 8.08058 -0.670176
17.6613 0.269587 8.07855 -0.673269
17.6694 0.268911 8.07652 -0.676365
17.6775 0.268231 8.07449 -0.679464
17.6855 0.267549 8.07246 -0.682567
17.6936 0.266863 8.07043 -0.685673
17.7017 0.266174 8.06841 -0.688782
17.7098 0.265483 8.06638 -0.691895
17.7178 0.264788 8.06436 -0.695011
17.7259 0.264089 8.06233 -0.69813
17.7339 0.263388 8.06031 -0.701253
17.742 0.262684 8.05829 -0.704379
17.7501 0.261976 8.05627 -0.707509
17.7581 0.261266 8.05425 -0.710642
17.7662 0.260552 8.05223 -0.713778
17.7742 0.259835 8.05021 -0.716918
17.7823 0.259115 8.0482 -0.720061
17.7903 0.258392 8.04618 -0.723207
17.7983 0.257665 8.04417 -0.726356
17.8064 0.256936 8.04215 -0.729509
17.8144 0.256203 8.04014 -0.732666
17.8225 0.255467 8.03813 -0.735825
17.8305 0.254728 8.03612 -0.738988
17.8385 0.253986 8.03411 -0.742155
17.8466 0.253241 8.0321 -0.745324
17.8546 0.252492 8.03009 -0.748497
17.8626 0.251741 8.02809 -0.751673
17.8707 0.250986 8.02608 -0.754853
17.8787 0.250228 8.02408 -0.758036
17.8867 0.249467 8.02207 -0.761222
17.8947 0.248702 8.02007 -0.764411
17.9027 0.247935 8.01807 -0.767604
17.9108 0.247164 8.01607 -0.7708
17.9188 0.24639 8.01407 -0.773999
17.9268 0.245613 8.01207 -0.777202
17.9348 0.244832 8.01007 -0.780408
17.9428 0.244049 8.00808 -0.783617
17.9508 0.243262 8.00608 -0.78683
17.9588 0.242472 8.00409 -0.790046
17.9668 0.241678 8.00209 -0.793265
17.9748 0.240882 8.0001 -0.796487
17.9828 0.240082 7.99811 -0.799713
17.9908 0.239279 7.99612 -0.802942
17.9988 0.238473 7.99413 -0.806174
18.0068 0.237664 7.99214 -0.80941
18.0148 0.236851 7.99015 -0.812648
18.0228 0.236035 7.98817 -0.81589
18.0308 0.235216 7.98618 -0.819136
18.0387 0.234394 7.9842 -0.822384
18.0467 0.233568 7.98221 -0.825636
18.0547 0.232739 7.98023 -0.828891
18.0627 0.231907 7.97825 -0.83215
18.0707 0.231072 7.97627 -0.835411
18.0786 0.230233 7.97429 -0.838676
18.0866 0.229391 7.97231 -0.841944
18.0946 0.228546 7.97033 -0.845216
18.1025 0.227697 7.96835 -0.84849
18.1105 0.226845 7.96638 -0.851768
18.1185 0.22599 7.9644 -0.855049
18.1264 0.225132 7.96243 -0.858333
18.1344 0.22427 7.96046 -0.861621
18.1424 0.223406 7.95848 -0.864912
18.1503 0.222537 7.95651 -0.868206
18.1583 0.221666 7.95454 -0.871503
18.1662 0.220791 7.95258 -0.874803
18.1742 0.219913 7.95061 -0.878107
18.1821 0.219031 7.94864 -0.881414
18.1901 0.218147 7.94667 -0.884724
18.198 0.217259 7.94471 -0.888037
18.206 0.216367 7.94275 -0.891354
18.2139 0.215473 7.94078 -0.894674
18.2218 0.214575 7.93882 -0.897997
18.2298 0.213673 7.93686 -0.901323
18.2377 0.212769 7.9349 -0.904652
18.2456 0.211861 7.93294 -0.907985
18.2536 0.210949 7.93098 -0.91132
18.2615 0.210035 7.92902 -0.914659
18.2694 0.209117 7.92707 -0.918002
18.2773 0.208195 7.92511 -0.921347
18.2853 0.207271 7.92316 -0.924695
18.2932 0.206343 7.9212 -0.928047
18.3011 0.205411 7.91925 -0.931402
18.309 0.204477 7.9173 -0.93476
18.3169 0.203538 7.91535 -0.938121
18.3249 0.202597 7.9134 -0.941486
18.3328 0.201652 7.91145 -0.944854
18.3407 0.200704 7.9095 -0.948224
18.3486 0.199752 7.90756 -0.951598
18.3565 0.198797 7.90561 -0.954975
18.3644 0.197839 7.90367 -0.958356
18.3723 0.196877 7.90172 -0.961739
18.3802 0.195912 7.89978 -0.965126
18.3881 0.194944 7.89784 -0.968516
18.396 0.193972 7.8959 -0.971909
18.4039 0.192996 7.89396 -0.975305
18.4118 0.192018 7.89202 -0.978704
18.4197 0.191035 7.89008 -0.982106
18.4276 0.19005 7.88814 -0.985512
18.4354 0.189061 7.88621 -0.98892
18.4433 0.188069 7.88427 -0.992332
18.4512 0.187073 7.88234 -0.995747
18.4591 0.186074 7.8804 -0.999165
18.467 0.185071 7.87847 -1.00259
18.4748 0.184065 7.87654 -1.00601
18.4827 0.183056 7.87461 -1.00944
18.4906 0.182043 7.87268 -1.01287
18.4985 0.181027 7.87075 -1.0163
18.5063 0.180007 7.86882 -1.01974
18.5142 0.178984 7.8669 -1.02318
18.5221 0.177957 7.86497 -1.02662
18.5299 0.176927 7.86305 -1.03007
18.5378 0.175893 7.86112 -1.03352
18.5456 0.174857 7.8592 -1.03697
18.5535 0.173816 7.85728 -1.04043
18.5614 0.172772 7.85536 -1.04389
18.5692 0.171725 7.85344 -1.04735
18.5771 0.170674 7.85152 -1.05081
18.5849 0.16962 7.8496 -1.05428
18.5928 0.168562 7.84768 -1.05775
18.6006 0.167501 7.84577 -1.06122
18.6085 0.166436 7.84385 -1.0647
18.6163 0.165368 7.84194 -1.06818
18.6241 0.164296 7.84002 -1.07167
18.632 0.163221 7.83811 -1.07515
18.6398 0.162142 7.8362 -1.07864
18.6476 0.16106 7.83429 -1.08213
18.6555 0.159975 7.83238 -1.08563
18.6633 0.158886 7.83047 -1.08913
18.6711 0.157793 7.82856 -1.09263
18.679 0.156697 7.82665 -1.09614
18.6868 0.155597 7.82475 -1.09964
18.6946 0.154494 7.82284 -1.10316
18.7024 0.153387 7.82094 -1.10667
18.7102 0.152277 7.81903 -1.11019
18.7181 0.151163 7.81713 -1.11371
18.7259 0.150046 7.81523 -1.11723
18.7337 0.148925 7.81333 -1.12076
18.7415 0.147801 7.81143 -1.12429
18.7493 0.146673 7.80953 -1.12782
18.7571 0.145542 7.80763 -1.13136
18.7649 0.144407 7.80574 -1.13489
18.7727 0.143269 7.80384 -1.13844
18.7805 0.142127 7.80195 -1.14198
18.7883 0.140981 7.80005 -1.14553
18.7961 0.139832 7.79816 -1.14908
18.8039 0.138679 7.79627 -1.15263
18.8117 0.137523 7.79437 -1.15619
18.8195 0.136363 7.79248 -1.15975
18.8273 0.1352 7.79059 -1.16331
18.8351 0.134033 7.78871 -1.16688
18.8429 0.132863 7.78682 -1.17045
18.8507 0.131689 7.78493 -1.17402
18.8584 0.130511 7.78305 -1.1776
18.8662 0.12933 7.78116 -1.18117
18.874 0.128145 7.77928 -1.18475
18.8818 0.126957 7.77739 -1.18834
18.8896 0.125765 7.77551 -1.19193
18.8973 0.124569 7.77363 -1.19552
18.9051 0.12337 7.77175 -1.19911
18.9129 0.122168 7.76987 -1.20271
18.9206 0.120961 7.76799 -1.2063
18.9284 0.119751 7.76611 -1.20991
18.9362 0.118538 7.76424 -1.21351
18.9439 0.117321 7.76236 -1.21712
18.9517 0.1161 7.76049 -1.22073
18.9595 0.114876 7.75861 -1.22435
18.9672 0.113648 7.75674 -1.22796
18.975 0.112416 7.75487 -1.23158
18.9827 0.111181 7.753 -1.23521
18.9905 0.109942 7.75113 -1.23883
18.9982 0.1087 7.74926 -1.24246
19.006 0.107454 7.74739 -1.24609
19.0137 0.106204 7.74552 -1.24973
19.0215 0.104951 7.74365 -1.25337
19.0292 0.103694 7.74179 -1.25701
19.0369 0.102433 7.73992 -1.26065
19.0447 0.101169 7.73806 -1.2643
19.0524 0.0999006 7.73619 -1.26795
19.0601 0.098629 7.73433 -1.2716
19.0679 0.0973538 7.73247 -1.27526
19.0756 0.0960748 7.73061 -1.27892
19.0833 0.0947923 7.72875 -1.28258
19.0911 0.093506 7.72689 -1.28624
19.0988 0.0922161 7.72503 -1.28991
19.1065 0.0909225 7.72318 -1.29358
19.1142 0.0896253 7.72132 -1.29725
19.122 0.0883243 7.71947 -1.30093
19.1297 0.0870197 7.71761 -1.30461
19.1374 0.0857114 7.71576 -1.30829
19.1451 0.0843995 7.71391 -1.31198
19.1528 0.0830838 7.71205 -1.31567
19.1605 0.0817644 7.7102 -1.31936
19.1682 0.0804414 7.70835 -1.32305
19.1759 0.0791146 7.7065 -1.32675
19.1836 0.0777842 7.70466 -1.33045
19.1913 0.07645 7.70281 -1.33415
19.199 0.0751122 7.70096 -1.33786
19.2067 0.0737706 7.69912 -1.34157
19.2144 0.0724253 7.69727 -1.34528
19.2221 0.0710763 7.69543 -1.34899
19.2298 0.0697236 7.69359 -1.35271
19.2375 0.0683672 7.69175 -1.35643
19.2452 0.067007 7.6899 -1.36016
19.2529 0.0656432 7.68806 -1.36388
19.2606 0.0642755 7.68622 -1.36761
19.2683 0.0629042 7.68439 -1.37134
19.276 0.0615291 7.68255 -1.37508
19.2836 0.0601503 7.68071 -1.37882
19.2913 0.0587677 7.67888 -1.38256
19.299 0.0573814 7.67704 -1.3863
19.3067 0.0559914 7.67521 -1.39005
19.3143 0.0545976 7.67338 -1.3938
19.322 0.0532 7.67154 -1.39755
19.3297 0.0517987 7.66971 -1.40131
19.3374 0.0503937 7.66788 -1.40506
19.345 0.0489848 7.66605 -1.40883
19.3527 0.0475723 7.66422 -1.41259
19.3603 0.0461559 7.6624 -1.41636
19.368 0.0447358 7.66057 -1.42013
19.3757 0.0433119 7.65874 -1.4239
19.3833 0.0418842 7.65692 -1.42767
19.391 0.0404527 7.65509 -1.43145
19.3986 0.0390175 7.65327 -1.43523
19.4063 0.0375785 7.65145 -1.43902
19.4139 0.0361357 7.64962 -1.44281
19.4216 0.0346891 7.6478 -1.4466
19.4292 0.0332387 7.64598 -1.45039
19.4369 0.0317845 7.64416 -1.45418
19.4445 0.0303265 7.64235 -1.45798
19.4522 0.0288648 7.64053 -1.46178
19.4598 0.0273992 7.63871 -1.46559
19.4674 0.0259298 7.6369 -1.4694
19.4751 0.0244566 7.63508 -1.47321
19.4827 0.0229795 7.63327 -1.47702
19.4903 0.0214987 7.63145 -1.48083
19.498 0.0200141 7.62964 -1.48465
19.5056 0.0185256 7.62783 -1.48847
19.5132 0.0170333 7.62602 -1.4923
19.5208 0.0155372 7.62421 -1.49612
19.5285 0.0140372 7.6224 -1.49995
19.5361 0.0125334 7.62059 -1.50379
19.5437 0.0110258 7.61879 -1.50762
19.5513 0.00951434 7.61698 -1.51146
19.5589 0.00799904 7.61518 -1.5153
19.5665 0.00647989 7.61337 -1.51915
19.5742 0.0049569 7.61157 -1.52299
19.5818 0.00343005 7.60976 -1.52684
19.5894 0.00189936 7.60796 -1.5307
19.597 0.000364806 7.60616 -1.53455
19.6046 -0.0011736 7.60436 -1.53841
